4
4
4
4
4
4
4
4
4
4
4
4
4
4
4
4
4
4
4
4
4
4
4
4
4
4
4
4
4
4
4
4
4
4
4
4
4
4
4
4
4
4
4
4
4
4
4
4
4
4
4
4
4
4
4
4
4
4
4
4
4
4
4
4
4
4
4
4
4
4
4
4
4
4
4
4
4
4
4
4
4
4
4
4
4
4
4
4
4
4
4
4
4
4
4
4
4
4
4
4
4
4
4
4
4
4
4
4
4
4
4
4
4
4
4
4
4
4
3
5
1
6
3
7
7
7
7
6
6
3
6
3
3
5
5
7
2
6
0
6
5
7
5
5
6
0
2
2
0
0
2
2
0
0
2
0
0
2
2
0
0
2
2
0
2
2
0
0
2
2
0
2
2
0
0
2
0
0
2
2
0
2
2
0
2
2
0
2
2
0
2
2
0
0
2
2
2
0
2
2
2
0
2
2
0
0
2
2
0
2
2
0
0
2
0
0
2
2
0
2
2
0
0
2
2
0
2
2
0
2
2
0
2
2
2
2
0
2
0
2
2
2
0
6
6
6
6
5
6
7
6
5
6
6
3
0
6
2
0
0
2
0
0
2
2
0
6
2
2
7
6
5
3
7
5
6
3
6
5
5
7
6
5
5
7
5
5
7
3
3
3
3
0
3
0
3
3
3
3
3
3
3
3
3
7
3
5
3
5
7
6
5
5
7
6
6
6
7
6
7
6
1
7
6
5
5
6
7
6
6
7
6
5
7
6
6
6
6
6
6
7
6
6
6
6
6
6
7
1
1
7
6
1
1
7
1
1
7
1
1
7
1
6
1
1
1
1
1
1
1
7
1
1
7
1
1
7
1
5
7
1
1
1
7
1
1
1
7
1
1
7
1
1
7
7
1
1
7
6
6
6
7
6
